521 514 
-400 
51 573 17 -98 102 629 -38 167 92 31 195 383 61 
-56 -568 -213 -490 -558 -137 -406 
411 531 
-623 630 -440 -192 
194 550 10 -256 327 589 -218 -347 -335 -499 -241 
-638 620 -527 -432 
224 -238 
-93 -216 -498 448 237 412 -235 402 441 564 165 84 279 
583 -298 -207 7 
526 -24 -110 -679 -7 667 
-381 447 
222 -117 539 
247 556 -17 -550 214 -212 443 -683 
-130 
514 -6 -419 207 
365 399 541 542 486 359 -572 -197 -324 -238 298 -33 
-519 -141 -684 530 47 476 90 598 456 -574 45 -31 -635 378 50 367 196 258 183 -517 232 -269 -109 -586 -199 
122 -665 -145 509 -370 468 
379 511 466 
-60 -163 196 
385 -213 -254 303 
-676 248 3 678 229 -82 327 
-239 37 -345 162 -269 227 635 -605 -269 -510 539 -351 391 -97 378 -348 -462 
527 -149 309 -248 -213 399 239 541 398 488 -163 -183 102 -140 622 -269 -144 355 -547 -385 -592 664 433 641 -176 -207 -453 -311 93 668 610 380 -129 -455 -244 
-569 -538 
-322 612 -359 362 -591 309 425 
-87 -368 -391 -495 
-339 70 -525 -154 283 98 -266 244 438 -105 17 62 -72 
-634 -4 680 561 -239 540 637 397 233 365 117 21 464 222 -142 509 373 -241 -526 319 645 -291 
595 532 
127 -180 614 544 -231 
517 227 515 445 -229 484 
419 
-138 -449 125 -200 -106 -590 
-250 499 32 -565 
-418 352 114 -163 501 243 275 -267 -232 -433 -558 
61 595 -24 491 380 -351 
-10 
-231 252 -26 -55 179 -437 477 -101 -627 376 
-566 486 52 
-112 512 332 -404 
-138 -406 -290 353 
9 -331 639 157 673 -118 -195 -436 503 439 -332 
-66 -504 603 566 
143 
-676 -603 -460 -507 -566 286 575 197 
215 -549 563 680 178 -48 -222 234 593 -646 -128 236 -114 208 264 453 -443 
253 -422 468 -245 -585 -572 298 -432 -354 -235 409 295 
401 515 531 -327 481 631 273 -116 207 602 200 
48 -101 16 -248 -559 363 -78 -81 592 
111 -136 522 -435 325 
-251 -350 -318 -102 
146 -498 
491 -566 650 
-102 -357 -395 284 -457 -629 306 -296 581 -207 -48 419 395 585 -162 -529 16 33 285 37 456 
-15 193 -369 341 -231 231 -363 11 -631 372 -127 -383 
-100 
115 19 612 
-152 -19 
94 
168 -472 -637 -61 -323 489 -189 327 -238 596 56 338 509 386 -445 -672 -345 13 -314 -341 -451 -300 401 55 145 328 -218 180 -633 -305 -40 -89 
-456 
-101 165 -142 -5 341 -525 -527 -40 110 
358 
-655 
-628 311 -671 611 434 -234 357 205 447 638 253 -168 -197 244 123 572 -106 491 416 -240 128 -34 416 -648 -370 98 390 -14 -238 642 
107 647 
34 -88 -619 -582 464 282 -157 658 -486 621 576 -13 -249 
114 -220 
547 -562 -244 -377 
-9 222 -118 -203 406 -189 481 549 615 409 447 6 -107 -32 -74 89 
-32 -318 -130 280 56 615 368 316 -20 -170 -173 -63 -431 237 -215 678 
-449 -507 
128 384 -246 -366 281 -379 -411 578 -26 402 -666 -672 -121 536 
655 
117 -307 
-517 
-383 
256 -643 447 -384 26 454 400 -417 571 -376 556 -349 -421 
-311 455 
-157 -507 
478 208 
-519 -425 553 
12 -9 
-113 205 184 -369 466 488 
290 545 -180 11 31 -245 -283 
-130 -642 203 163 
-421 -243 -579 -204 58 132 157 142 -129 -50 -330 222 661 -311 -306 -610 -489 -251 -341 -290 -80 
212 82 535 418 -531 440 -482 140 481 -652 -605 -296 433 354 347 273 640 -572 
-199 573 -176 -171 630 213 91 293 -314 295 626 550 -562 47 -306 167 -390 428 667 
42 515 -54 -293 382 
127 -199 -159 242 88 -354 451 -435 -532 -613 
141 
-52 -425 177 422 -60 149 
215 381 
-443 -340 141 681 461 -411 174 543 
676 305 267 325 -209 237 354 354 -398 380 413 -263 123 613 322 310 -609 366 -143 154 657 -455 -78 -562 201 -445 -207 402 -117 -294 687 -281 522 25 667 -82 
-119 -126 627 -385 -581 356 125 -5 289 503 7 -31 596 -178 -515 525 
469 435 0 -537 -491 -502 
468 -69 -119 249 -430 308 501 -634 -239 
617 181 -157 -382 
-510 
-586 26 144 529 282 -196 -90 307 531 685 -545 413 -505 105 -149 -97 246 412 -222 306 
633 599 511 
-132 -508 
-150 372 246 -567 
644 -164 -186 367 -614 
-318 -483 91 
-625 -65 558 -313 
-360 -415 215 128 -433 319 335 293 143 
-299 579 64 684 463 -285 564 -479 506 432 -492 
-90 -332 -573 254 -174 
-481 -362 250 -129 478 175 206 683 -678 658 -371 -78 
-274 -454 584 -174 66 -25 75 -57 
-677 -288 -296 
-446 423 98 -306 -363 -341 666 218 236 244 -485 -51 
364 -135 -512 -616 
-139 -457 147 
268 -78 630 458 -7 -351 
-180 447 285 -273 -199 -390 -79 656 -680 364 478 
-196 -212 
473 -129 308 -426 -650 82 -100 -442 -642 246 
209 -667 -159 -624 -564 -201 609 319 626 -210 -358 -80 44 
-660 224 
-295 
-161 -478 -464 591 
-274 544 -50 
-630 646 
442 
-680 119 -268 430 -268 677 -538 
119 363 -366 14 315 -443 431 110 382 149 458 648 125 -461 -158 -482 -337 -416 259 
-635 -547 547 
391 -330 375 586 -409 238 130 410 442 221 97 -310 
271 -555 618 -104 539 -680 
651 264 
-344 -150 169 -352 476 -371 
-435 -555 -360 -152 148 180 575 515 
672 -15 194 5 383 -112 -587 -451 102 79 525 288 -439 671 -141 -519 -496 -625 -411 351 
300 323 624 -43 132 -618 -146 243 29 -558 -361 -667 52 506 -248 480 588 
-344 -411 
455 -63 -311 
-602 -505 -241 -396 
-476 -192 -293 483 663 -598 680 -396 334 676 -213 -626 187 
-122 -531 610 481 
-165 622 -462 -204 -323 -339 -342 208 554 191 
445 
62 215 
95 -210 157 -322 -565 
182 -181 -402 
405 -237 458 -479 534 -59 579 18 -105 -235 -676 323 322 -345 652 -91 -225 186 278 -203 -37 321 -215 -667 437 -378 205 -214 -238 559 -40 
-13 31 
-141 170 34 660 
565 585 413 659 674 666 -672 -208 -642 245 -623 205 -502 556 398 -222 574 -226 -99 333 
211 -450 341 -684 359 -667 524 239 
-196 
-157 
527 79 -125 
25 177 241 271 216 -578 202 
-219 385 339 218 -65 633 -427 476 456 -488 
-227 -65 -167 149 371 301 175 347 
-174 
547 
-459 511 408 
226 402 411 -220 110 -589 531 -476 -176 
34 
104 628 -90 -629 548 -654 -443 403 -186 602 84 471 
-314 -436 -414 -427 146 630 260 -609 69 98 -249 -516 
-403 -223 -10 -212 134 -524 
-363 676 117 -270 -177 
98 -478 -592 8 
501 641 153 416 597 
-20 161 
-11 
666 659 -206 
-195 
264 -21 263 -171 -517 
-45 -383 -134 -164 
575 
-249 -252 -417 -672 -596 535 124 605 -586 65 -183 -201 283 -63 197 6 -408 -142 
51 -182 
-17 -589 -220 -591 -637 -643 362 -119 
484 654 221 
520 
305 
653 
-148 100 -262 232 -184 -22 380 -374 -243 
301 -387 
-164 530 -63 624 503 -26 601 6 -481 364 267 
98 400 
665 
-12 
571 402 71 -526 -556 
85 472 -183 
34 588 98 
56 -338 -57 -327 
-480 -355 258 151 -675 -399 676 385 -138 
117 -269 219 303 133 498 67 339 -170 
-283 221 -534 115 183 -451 -565 385 -228 616 377 211 446 
