-3422 -3115 
2820 -913 -306 
2161 -4114 -4667 1289 -2201 1818 -4189 -3227 -2064 780 -1210 3621 -3576 509 3428 -4400 -4147 -4564 2670 303 -3322 711 -3259 1036 
1677 3211 -4060 1556 -64 2663 -1693 -4384 4537 861 
3292 3715 -676 -2128 -598 -3844 -2510 
-2416 2964 582 -2756 3029 -2453 4500 
-4163 -3318 3291 
3785 1588 -4555 -3395 -2620 -2891 2314 -482 -261 2180 -3000 
-1821 
-1422 3626 -1441 1071 -3805 768 -312 -1969 -3119 -1827 
627 
-2597 -860 
628 -3924 4507 -1036 -4672 
1714 -3366 -4177 4339 188 -1280 2923 1678 -729 683 -4571 1419 
-3844 
948 724 -1942 -1912 -3614 -2493 4211 -140 904 4511 2373 -1572 -314 405 
152 3071 
-3632 
2790 2271 4633 -524 -4579 -2673 2657 3479 
-3148 -932 
-3702 4654 -4102 -1323 1944 -1198 -4388 
1651 -4230 
-849 1580 1261 -603 -1204 -1291 
-2330 2032 -2150 3895 
2313 -3013 -2763 -1773 -1742 -3219 -23 -698 -636 3471 1815 2165 3328 
-1425 -1834 2392 3622 -1641 -1881 
-3487 -3276 -73 -2205 -4568 4068 1461 -2152 1408 3135 
-2334 -1508 -1455 
-3070 -261 358 -3161 -3587 -76 1409 -3219 399 -1975 -2093 4110 
-3819 
-165 -673 2201 1424 
-4008 
-4316 -4369 4386 367 -2948 -1336 2258 385 2262 -2028 3037 -1470 2327 3307 -563 2299 -1729 
1280 -1101 -3430 
-3712 -1912 -1937 4124 -992 -4466 -3332 448 936 -1216 -180 
182 3700 -2487 -125 
3963 4106 122 -3436 -740 3107 
3030 4374 3456 3272 995 
-638 -2052 132 2427 
4333 2310 4481 -2000 2716 2030 -1805 1636 4577 3190 4097 -1669 2855 3288 -2847 -968 -1231 -2683 -188 1060 -1283 4389 -4459 -4481 -1493 -4643 388 1376 -3893 2269 -2958 160 -1318 -4173 
-1066 -2212 -3984 704 -4407 -2185 1074 1391 3102 743 3469 -2117 352 
1737 1661 3668 
-135 4387 -328 3681 -2646 3426 809 -3345 4350 -841 -2824 
-4278 499 2702 1163 -480 3138 3051 -4337 3488 4267 -2415 -878 -3621 -2222 -2044 -1279 -1378 -3450 -1855 
3733 3428 -2389 -2929 -125 1079 3511 -3391 
-1683 1418 4042 -3537 -2262 -1979 1823 -3313 -29 -183 3360 -3730 2133 4143 1427 4317 
-119 1981 1147 3451 -1057 -687 3778 3088 2983 -2630 4480 -3031 -2869 -351 -1370 
-4205 -2909 -801 1634 3990 887 -1891 -3932 -4196 -585 1434 2331 -2101 -4446 4160 -2448 -1892 3145 -979 -4005 1395 
2352 -1688 -3260 
2886 2079 -3184 -1239 637 
-2323 3287 1519 -3987 -4533 -3893 3459 3859 2419 
997 1701 728 4241 
-4419 -2327 3458 
-2219 -4008 -4469 3 
1828 -2751 -975 -785 45 -3358 134 1565 328 3417 -1223 -1236 1011 
1272 2277 1603 2798 -3218 -3274 
-694 1624 3931 -541 1445 -1320 3929 -145 -570 
3591 2095 -1257 
-3363 43 130 4205 -319 797 2899 4420 
-3917 -2676 -3403 -1256 
3458 2869 3515 -3358 -808 
-289 
-1132 4171 -3591 
-1800 1990 1145 2487 3499 1788 524 617 -2537 317 1049 
-3796 4244 715 
-238 773 3300 -2652 
-3125 -321 3605 -1344 2025 4288 170 -993 879 -1983 -3576 928 2725 -438 503 
-2866 
1432 3166 3694 -3443 -2140 1972 1488 4662 2332 4255 -1822 
356 
3649 
2966 1514 -1703 3054 -4626 
-676 -143 -1084 628 301 -464 4008 -3299 -3636 
-873 2388 931 -1041 3614 -3270 -3849 -2941 -622 -4670 2519 1335 2951 3338 3568 2849 -3520 2281 -4198 2053 19 4544 977 -954 3718 -3600 -4579 -3591 -883 
4164 -3786 
2872 -360 -4480 3160 999 1770 -3885 3912 
-132 4326 
1985 144 4259 3555 -562 2826 -2123 3503 3322 -4343 -3495 -2746 -3061 2571 -4540 -783 3410 
1252 -3885 3483 1342 2550 
-3834 -1970 
-621 574 -2746 4021 4408 -2859 879 3453 2587 -651 -3097 -1059 -3469 3604 4310 
-1675 734 -3660 2868 -1678 2991 3182 -1311 -4450 
-1270 4664 3871 18 1862 -760 568 -2020 2605 -3944 94 
-588 4630 4447 
-3381 633 1036 -3604 -3708 2075 -4652 1820 4293 3360 
-467 -966 
-792 
204 -2922 
3195 687 3835 -3485 2669 1331 -2898 1370 -536 4135 -48 -1722 60 2846 -1911 954 -238 1877 -598 -134 -3387 2126 -4631 -2676 -3450 
3070 1166 901 -4400 -1744 437 387 -3111 -166 -4032 3049 -2338 
1085 -3938 2653 
-3367 3902 3111 -4209 3862 -2186 -2057 536 -3495 -3464 -3165 570 
1526 3044 -3171 -4387 -1915 -3325 356 -4055 1301 
-4093 
-1898 216 2953 2595 2478 
1153 1585 -2370 -2715 -2710 -1102 1979 2673 238 -1448 -17 -1998 -3326 2364 -2491 -800 -3764 
-1103 -4035 
2624 -3034 3462 
-2458 3738 -3228 -662 4357 2367 
3709 -3662 
-3036 -4082 3191 1855 -2135 -1449 
3494 -82 -4462 4229 1984 3853 -3054 3410 -2386 -1362 1427 3294 -3762 
539 -2982 3724 
-2132 -2414 
3336 -223 
2148 -949 -3487 -4213 
-1753 4221 4496 1057 -673 251 -3276 2998 3655 2786 -835 428 
2231 -3555 -2749 -988 1445 
1313 -2589 3440 5 -777 2978 -2538 -429 1015 -423 -3186 -3039 -2682 279 4500 -3672 4430 4222 -2656 -1775 -2277 -4446 4603 1574 1 3827 
-274 
4135 -312 -485 2903 -3336 
-4277 1867 1153 4423 -1939 
201 516 4321 -307 2746 
-4400 1876 
-1314 -4486 
2648 -4414 
-1521 -3149 3686 3921 -1982 450 3390 -4183 -418 -1460 1484 -4116 -2154 
-2202 -907 4278 
-3022 2617 
-1557 -1550 -1223 408 -1018 1289 203 
-113 
-3715 -2105 3413 39 3867 -3884 
1485 -2452 1309 1802 
-416 -1708 
4577 3270 -4550 2505 -3578 1381 2234 -1621 2503 2985 -1359 -45 1944 -3199 1460 -3141 89 
-2520 779 3516 -2849 2449 3083 
1525 736 -4490 1808 -4635 3363 2045 2049 -2476 -4202 
4544 
1130 -808 -380 3079 -1492 4327 
-4223 3308 
1443 
-1171 -3019 -2980 -3457 -1340 -4312 4435 -2073 512 1307 -2984 3507 3747 -2054 3737 3221 
234 
206 4645 -2789 3880 2547 
-4142 -1395 -4486 4649 -4233 
13 
-4442 3334 2036 -1372 2796 -4437 270 -1863 1189 -145 -2076 -1168 4514 1483 -973 -4167 -3778 22 2488 -2707 2170 117 1146 4083 4352 -3852 -835 1855 4601 -2 1601 4355 1865 
1494 -208 -3698 
-2216 1168 813 -1970 
-3419 4208 4674 -4537 -3935 1022 -2568 
902 -2856 -311 
-2051 4311 -1450 76 -2605 568 -1575 4510 -2498 -234 
1574 -2626 2930 
3716 -2562 1696 -3838 
-4194 -1850 
-510 -598 -4339 872 -2308 -3091 -2645 4386 3629 -1580 
3428 -1858 -3341 -1478 3805 3136 -915 -609 -2870 1058 -4597 -1579 2591 3003 -3213 956 3422 1378 -1911 -1314 2713 1228 1852 1957 -1625 -781 -2979 2051 -2787 2597 2516 
357 -2037 2784 -1599 4087 58 -1050 2699 -3795 -39 992 -69 2734 
3410 -2714 4196 -745 -3857 4352 
-452 1798 1144 -3171 -1579 1683 -4675 777 1031 -2186 -4495 -2970 -390 -1373 3738 -3562 
-1191 -1069 -4250 -165 4309 -1307 -494 304 -254 1016 -641 367 472 136 -1262 4261 952 2187 4366 -2986 -421 4348 591 -3613 -464 1002 1590 4004 -2872 3037 -2519 -1173 
-2846 548 -198 -3140 -1317 -4041 1899 
-2897 -4110 -2905 -3760 -3693 1278 -4624 2680 1878 2085 -2606 -3246 -1240 875 1578 
1854 974 2201 1364 4582 -2050 3155 -69 3772 1708 1001 3782 -1231 -667 
2675 -89 4280 -962 
-4280 1687 3486 1474 
-169 -861 -21 -3877 -3285 4150 
-787 1997 433 3182 -1168 
-1416 -2067 268 -3325 4098 
-88 
-4579 850 -2362 
-2410 -809 
2036 4104 -866 3221 -4558 
-2067 
-1884 1661 -2564 -3290 -3614 3380 -809 943 -1156 -1003 -2640 -611 -2223 -126 1181 2836 2149 228 -3081 
2346 
4585 -3318 2783 
-3405 3172 -726 -3815 2440 -1962 2696 -3113 4657 -3308 4034 
-1410 1705 -503 2990 
699 674 2045 1169 -4624 -1667 2688 -1953 2600 -4624 3629 
-2410 3283 1432 3095 1826 773 
4431 -787 -2914 -3401 2792 1862 -3645 -418 -208 -2718 
2195 2817 -617 
4088 -3630 1202 4444 2439 1145 3090 -4182 815 -3196 -1308 -353 
119 1952 
1508 -3760 -689 -2152 -1175 -2306 589 -2205 -1912 3943 -153 -4661 2757 -73 2968 2579 -20 -2536 -3158 
-3430 3745 3799 -1483 4052 620 1649 -4595 -4229 -1886 -1468 3718 
2325 -3305 -245 1968 
-4655 
-3998 -2562 -3224 -2734 -3852 4003 
1317 -4143 1613 -2721 913 -4308 
-3842 
-3442 -2088 606 -2813 3950 4221 -2501 -3104 -2664 -2685 3785 2370 297 -2566 -2344 -2423 -2141 
1633 -3729 
1923 -1803 -1798 3278 2612 
-1275 -52 -4380 
340 2367 -1953 
-1767 -348 -2020 -29 -3856 -114 4076 -3821 -2126 4008 -4516 -4125 3040 1810 
129 2197 1621 -132 -101 -1461 -2955 
-4201 1928 -4133 -3818 2541 596 -3168 771 -3565 3912 
4676 -3481 
1172 422 -2125 4278 -4645 440 2773 -3490 2350 496 
-3219 3237 
-1794 -2739 
72 4191 -3661 -3005 -1880 1950 3517 212 4426 -1733 -32 1997 -4658 -3894 -226 2570 
2663 -2870 -1962 -2097 1538 -4227 -992 -1992 -1153 -3125 452 979 872 -4518 -4134 
-2741 1578 2945 4029 1188 -2534 -1988 -1640 -3325 -2292 710 -2165 821 -4461 
-3880 495 
-3924 2556 -2271 -4092 
-1185 1292 -4011 -1740 
1547 275 996 711 
2959 3534 
3171 -2129 2141 2955 3050 
3474 -1623 4105 457 1092 -4175 1026 -3756 4052 4128 4422 -1722 2585 -1969 -3672 1168 -289 607 -1402 2946 
-166 -2176 1733 -637 -589 34 -2547 2164 4145 3070 -1959 -3686 -178 -2394 -4522 4251 -3912 1585 1556 -356 477 838 4131 -4539 -765 -4587 -1192 -286 -4484 3191 4012 367 -3092 3335 -1061 -4530 -577 3488 3997 -1506 2894 
-3453 1150 -3629 -278 2449 4497 -854 1535 4555 2227 -3344 1747 
1970 -4141 -3634 1238 -2779 -4685 -4179 -705 3457 -2148 508 2578 -3373 1854 
3947 295 -3265 3146 1047 1530 3539 -2725 -2705 
3043 -3599 849 -3679 -535 4270 1747 1686 798 4336 
-2336 -4281 -310 2180 3304 -324 -3007 3282 -874 -2693 -1308 -3323 -3542 -754 2198 
-1308 -4372 -3451 -1644 -1576 2890 -4601 317 3139 4424 4176 -1938 320 4629 -1357 -814 4182 -3566 -2999 4146 2591 -334 
3686 2811 -3808 3310 -2258 -2014 
1306 3042 -2439 2699 
3911 -2214 63 
1750 -3641 -3317 -2562 3636 2042 866 3630 3260 -1767 1652 -3351 2224 249 -3217 -566 -1722 -3285 1979 -857 3298 -1502 -2266 -945 4557 4063 -1504 
-2050 -2690 
-1778 3198 -1234 -410 
1851 4422 
3223 -1056 -725 
615 3814 1759 -1955 -4021 -2260 -1119 2897 -969 -407 
3285 -3770 
-1523 3545 -2787 -486 -2811 -1689 -1405 4616 -2235 2651 4458 
4138 3976 -1850 487 2359 -754 1800 -4612 -300 680 -3061 508 -738 1404 332 4226 -3984 4240 2854 4061 -270 
-1493 
-4195 -391 1262 -1070 -3671 -2751 3125 3644 
555 3966 2736 -3123 324 -1807 283 -1650 
-3264 -3720 4389 2340 62 
1723 3656 2684 
-826 -2453 2974 4265 1502 117 -3350 3287 
2567 -3202 
1645 2985 4141 933 
-3988 -601 
-1615 3236 -1762 
1422 -1924 -2436 -3955 2174 -2089 879 3524 -2698 
4611 2853 -655 1949 -4037 -4146 803 -645 3501 -982 3911 3571 -3796 -1856 -4295 3432 -905 -2296 4575 
1583 2330 153 -601 -1950 2567 -788 3674 -4308 3999 4293 4071 -3942 -54 -2356 -445 1097 2804 
1056 -2477 1868 1587 2608 629 451 -3178 370 -868 97 -4397 364 3835 1729 -523 
-3768 -2071 1778 -4054 816 -1276 -2759 2050 2580 -1275 -2974 -2816 4274 
4266 3697 -3822 -3945 3443 -963 -1743 1378 -2841 -1332 917 
-2842 
-37 111 -2285 4307 -2221 1763 3971 2853 2519 3570 -1491 3898 -394 1745 -875 -3068 -772 1649 
-1806 -4310 
623 -4655 1411 -601 -3146 745 3229 
-2829 2520 
-603 3233 -3229 -487 -3830 414 -906 3374 1670 -1949 -4621 77 -4319 -3195 2906 -3545 -2265 -4602 -1085 -933 
-1241 1006 
-3443 -2294 -3444 -3939 -3925 3574 -3791 -1331 -2804 -2542 954 -4423 
2556 -359 -461 4581 1793 -264 3457 -3576 -2651 -3299 -2858 -2640 -3364 
4057 2463 
2872 -308 2372 -801 13 
4552 -3894 1686 
4307 -2059 -1993 1792 
4209 -4401 2158 
3938 
-881 3582 -1828 4482 538 -4574 4434 
3962 834 -3588 2399 349 2773 1537 150 -3374 -4231 -3202 -245 
-1733 -2295 
1624 -3780 -3184 3528 
1309 -2427 -801 3019 
2044 2250 
-1524 4291 
-1898 2694 378 -4524 -1424 4353 3539 4136 472 3271 -1179 -3555 
-3151 -4427 2129 -3261 -51 2013 -3402 -1633 -4674 -3293 
-2735 1205 -683 2821 
-1844 3690 4103 -3530 4542 2501 
-1217 
1584 -504 
-3305 -563 -172 385 -147 2275 
2528 -1293 1577 
1520 -4295 -3330 -2056 212 -2299 -4483 672 3314 -2929 -1701 -1286 -3636 -2228 4225 3294 2083 -802 
4072 347 2083 32 -1414 -2031 -2031 911 -1896 
2984 -1641 
4328 -4584 4369 4114 2394 
-3252 -865 -2445 2572 -2637 2728 1721 
-2986 757 -292 -3208 -1534 -951 -4151 3168 
-1259 -2251 4160 3183 -3141 3312 1291 719 898 4444 -2643 1407 -414 4072 386 -182 3194 2416 -1715 1478 2183 872 -2786 -1455 -168 -4517 992 
-1573 3488 2153 -3597 -234 -4424 
3717 4546 -4126 -3351 -2407 4478 
-1884 4542 -1735 -3370 
2877 
-4043 757 3039 -2630 -1257 -656 2321 -2592 -2622 -1026 -3446 2931 -3171 2668 3302 -282 -2762 -2968 -2963 
-4343 904 -3438 4281 -1766 3034 280 438 -3278 -280 
-3133 
1700 -1680 2475 -4020 4543 2160 1427 3984 -2620 3406 
-3809 -3233 2937 36 -254 1717 -1097 
-2851 803 -2345 -446 -2543 3952 
2002 424 -1489 -3515 111 4282 -1883 3191 785 -3363 237 
-3524 279 3849 1698 4590 
-4204 -2774 -879 
4373 -726 -4583 -1381 3366 -2532 3478 
4311 1739 1397 -1636 -675 4288 -4642 4216 1366 -876 3907 4171 -709 -1305 -4341 605 -1108 1326 3243 150 
-1317 4556 2718 
3309 
-4624 1489 3842 -1426 1316 -3342 -3793 2358 -4354 1529 -587 -1777 2883 -2450 
-1785 
-2924 58 -1712 992 3799 272 -4679 
3133 -1554 -1871 3082 -2308 324 
122 2943 -4501 -1931 3998 
-3778 -641 4063 -4211 2978 3204 2388 -2563 3561 2813 1845 -1476 -1962 1573 -4280 -1396 -2048 
-3350 3735 -1835 -3224 -4473 -1260 1400 3609 2951 
3914 -2367 912 4200 815 2636 -2466 -1725 -2860 -4627 3222 -780 -1347 301 
1599 3754 765 4231 
-2642 4450 -1373 3081 3138 2843 3209 334 3905 4431 -3060 858 4022 91 3492 2503 144 4437 703 345 -4462 
885 -1830 1944 -2461 
1398 -2229 -2295 3634 1893 -1116 4014 -1260 3213 2634 -678 
3512 3060 -2535 523 -1956 4272 943 3022 -3461 
-1634 
-3298 -135 
-2504 298 3401 4442 
-3407 
4635 -102 4577 3845 
-103 -2509 
-3971 3873 -4406 3644 1430 4677 -1965 -2613 1655 
-2630 2826 -1161 2077 2916 
4238 933 1305 1531 
2147 -1502 2353 1344 -1357 -1097 -1876 
3354 409 -4257 2370 
500 -3441 2914 2277 176 -3717 
4040 -1386 
4437 
880 3697 -3620 -3281 -3365 
-3959 -2011 1651 3387 -2174 
-3599 -2521 2090 -3266 3668 
4103 1278 -410 2241 587 4287 4021 -2144 2238 -1644 2947 3481 2957 -2016 3768 -2371 
2239 3061 1978 3552 944 3880 -2495 -1244 -254 -4153 -1991 
-843 
1664 -2576 -4441 -33 -627 4313 -4278 681 3094 -876 3064 -2891 405 1541 
-1576 -4580 3980 2286 2685 2023 
2048 174 1592 576 1455 2051 2994 
3367 -1744 
-2874 918 2909 178 
475 3487 959 -3776 70 -1974 -732 -3614 39 -3482 
-1182 4353 -3132 3278 -2441 283 
1630 -3430 
-3304 487 -3976 2827 4136 2752 -4642 
3620 
-543 -4466 635 1515 -2420 
1642 2335 
-1435 -3579 1211 2980 3253 743 -2046 2040 -4308 -2334 3236 4100 1909 3315 -2343 -2197 720 1415 2184 3462 -1099 -1168 -3655 4571 
-1592 -1948 -3424 3160 1325 -1197 -484 
1345 
-3030 -1067 3921 1357 2638 -4284 -2173 -2839 -1438 
3292 
3506 -235 318 
579 587 -3891 1449 2851 2850 3504 
1163 1238 -3727 638 
-974 -3886 -2228 4128 -140 2612 2669 -4504 
-823 -3848 -679 3554 -4358 
-3761 -770 1538 
-3155 -2447 -1055 -1878 2427 -3255 -4507 -3395 -3997 2111 -1446 1949 -2152 172 1206 747 -4598 -1191 -3981 20 3078 308 3796 
-1345 -4189 1263 2470 2623 
-1834 2809 1999 3563 -1379 -2112 -4658 
-1500 88 1679 1861 -279 -2861 -3275 962 -3308 -364 4640 549 
4449 -3488 
-777 -2988 -4311 2671 -2978 3115 -1756 
4594 -3372 457 1449 -1039 -1506 229 3366 2047 4111 -2922 2299 2581 
321 2204 2716 -326 -982 -1922 -3010 1868 1236 3842 -4397 3958 1713 -4447 -2449 -629 597 
2577 4411 -1304 -1579 -792 -772 -3691 -62 
2559 2805 1396 4319 4568 498 -4219 1552 446 -4079 -3944 1331 -4107 1753 -1485 -2233 2646 3630 1856 -2243 -3517 -2246 -3885 
4683 2036 1118 
1813 -1957 
500 -4677 
-2474 
-3872 -197 1706 4473 -3798 3859 -2094 -597 
1950 -41 -4430 2282 -4482 -451 -2892 -554 4114 -864 -2325 1323 -123 2621 1195 -2862 229 
1524 -4364 
-4448 2626 
-3217 -956 -888 1619 -4357 -2105 -689 -1087 969 723 -1435 1345 2165 661 2923 -1768 -939 2076 -3526 1834 -972 -4050 
2915 -3690 
-342 -1244 
3399 
4454 2496 -681 4441 
1891 
242 -2287 3701 4348 3963 -2167 574 -1848 -3410 4597 2423 
1591 
1556 -2270 3876 -3837 354 -3128 
-1163 3549 -1717 -2932 939 4503 
-2458 2932 -3834 1650 1473 
-241 -4233 -4597 -4061 -3786 
362 3717 -2817 2188 2146 1066 3182 -3581 -4088 1758 3590 -1955 
2852 891 1238 
-1018 3008 -3717 977 4454 1929 -423 
-3091 -229 206 
-4380 -189 -809 1902 -2506 3327 1506 -3333 3291 1674 -2466 656 -4622 -752 -3473 3546 -712 600 2059 3974 
2408 2169 299 -2259 1895 -2001 -943 1953 
2361 -4275 -3307 -2825 -2061 600 -2957 -3683 -2189 130 3464 -2261 2701 1553 534 880 746 -1451 1289 288 -359 4640 
774 3003 -3790 
2836 -2957 1798 2453 -3186 2895 2649 439 -1427 3063 -3006 -4213 -3846 -642 2014 -2399 1382 2190 -925 2569 
3669 -277 -3504 3555 -2072 
70 4634 1971 -2168 -4017 2310 734 
3017 2910 3605 4122 -1667 256 46 
-3962 -2907 
-2416 -2621 
-720 -3078 1197 3635 -311 893 -3864 4116 
-837 869 2692 -4 3577 252 -4419 -2519 -1018 -3736 -225 -1852 3318 -1899 304 -3523 1431 -4347 
3676 -381 -1121 -4196 3642 -4538 3203 -1159 -2961 -1520 2170 -3424 -4437 -1293 -3459 -1390 -3850 4235 4240 
-4371 -536 -1377 -2394 956 
-134 416 2157 548 -3814 
1581 -971 -1643 3833 
-3652 -1331 4072 -1416 -3889 -3803 -3024 2643 3512 
524 -715 
82 4226 -2904 -296 1214 -3607 3545 3430 -801 4460 2749 -3127 4241 
-2417 1939 
-2485 3876 -3557 363 -2060 -933 -2500 213 1507 -3490 949 3442 -36 4349 -887 -171 4347 4509 
716 3805 2489 -1597 1522 -3043 4169 -4339 -2586 
-294 2098 1065 -2994 3979 1365 -1091 752 
-3224 897 -732 -64 2214 4481 -3387 1665 -3962 
-3587 
2467 3412 913 2325 2897 
-1426 2356 265 -1344 3990 1071 4159 -2970 -582 -3023 -3688 4039 2656 
1267 813 3370 -125 -4376 
3389 -2166 1291 1786 
2003 -1336 -1248 
1939 1226 
202 -2406 4174 2398 3936 -66 -822 -19 -3362 1331 
2760 4108 794 3205 3337 -3899 4351 
1773 -2483 2733 2482 -2949 2028 4086 2990 3958 -3858 
3939 -1684 -3566 -1034 1231 292 -2220 3214 -3973 -54 3395 4172 -2594 289 1030 -3907 -1220 -495 1475 1811 -2173 2476 -2595 2261 -2678 572 946 -4410 -702 4402 -2276 2063 
1044 -2868 -3195 1991 -1462 -3620 -3907 
3437 -2387 274 
-3856 
2325 -2844 1911 3988 -3202 2308 3590 
-260 
-842 
-3288 -365 319 
1737 4573 
2632 3288 2300 -1653 738 -4424 3406 -2394 3137 -32 1764 
-4674 -4373 1236 -282 -4587 
2566 3345 -4090 -2805 66 324 
-3205 
-2142 1416 -1008 648 618 -4623 -948 
3703 2858 -694 -1475 
3933 -1995 3279 3509 2400 -3229 -3313 3762 -4505 -250 3001 755 -593 363 -2794 69 749 1177 2544 868 2093 -3850 -1184 2255 1059 -28 -3155 -1846 1106 1105 
3545 
-4509 -3986 -4287 -2607 -460 -367 4406 1016 -2552 3977 2173 4288 3214 4257 -254 1532 -513 
-1955 790 
-2806 1065 1433 691 
-1204 563 1699 361 
-898 -1954 
3933 -1447 -831 -951 -619 -1207 -3066 -1184 2096 
-3144 3059 431 -3806 -2590 1134 
-4578 
-1339 -2804 
-1845 1911 1498 -475 -2671 
2213 3262 -3645 1902 
-2257 2993 -1194 -3978 4505 2991 -620 3360 4096 -1965 55 -1272 202 -2624 -4299 -1970 2788 4113 1915 
1236 959 -4488 2139 -2330 495 -2753 -3518 
-1142 
4105 -1346 
926 
-1335 3848 2800 
-1048 -1152 -4346 -3710 -1354 67 -4195 -4270 -570 
3759 -3764 -619 -4137 
-1632 -2411 1514 1243 2594 862 830 -1016 
-3858 4353 1864 1249 3357 -4574 
787 -3178 
-2858 -2912 -3633 -4217 1368 3258 3021 -138 1717 -3552 4036 -4133 1322 -3205 -1902 -1971 
2818 -691 -1138 2832 -1395 -805 3643 -3173 
-690 -3669 -2887 -1870 -994 -2690 
3332 
-2242 -3403 646 -1700 1831 -3769 3944 -3152 2726 -540 
-3731 -2605 
1148 4114 -1081 -789 259 -841 
-2592 1148 -222 -2970 3393 
532 -4551 1941 2705 1634 1150 -1650 584 2888 -491 -2214 -3729 1570 2453 -4190 -2108 -645 2474 576 
-4057 -4305 3996 
3303 -2254 
1461 4276 314 4321 2010 -2750 10 302 3273 -4028 
3993 2097 4523 601 
-1937 
681 1744 -3737 1544 
-20 4123 -1860 -2213 -1191 -2743 1674 2938 -1569 -2746 1951 3521 981 
3629 3361 3968 
-3883 -3390 -1840 -1160 
870 -2110 3487 2353 
-4321 -2283 337 -3698 2541 -4673 1869 -4094 3424 -2343 1702 3966 -1993 1155 176 178 -119 
-1100 4546 -1698 1273 -1075 -935 -2107 2137 -615 -1813 
3177 2700 3829 4607 4146 -1332 745 4388 -3035 -455 
-3807 -3138 -3589 -4223 -1123 -3359 -4428 2425 -1744 173 
-1816 1486 -1179 -4531 -1802 -2184 -1689 3993 
-909 
-3341 -853 
-3212 -1945 
260 3011 4127 -3233 -3111 -2576 -3213 2161 
-3119 4071 2062 
-2591 -2104 -1838 -2584 -690 -2059 -4398 281 
2993 2746 -4330 2906 278 4444 
-3301 3549 1992 
-3922 1542 1784 -3417 
666 
-2895 -656 3532 -1993 -1611 3173 
-3261 -946 1513 3062 814 -302 -1226 702 -3480 2332 -2373 591 531 -2874 -4450 2274 4682 1971 -29 -3635 939 -93 
2959 484 -2711 -755 1257 2943 3847 -3252 
-2866 -2172 -3611 4051 1597 3286 1892 -1712 -886 369 -1646 -1814 -3785 -1835 -2036 -3047 -651 
2328 720 -2488 2106 165 -698 -4486 2638 
1686 911 -2631 -2233 3329 4509 -3757 476 -4366 262 -1175 -643 3132 3583 3216 -784 3979 
1541 3393 2295 453 3043 -1948 680 754 
1621 76 -3939 -4323 
-2834 2631 1288 2649 -4652 
-1097 -572 1213 1465 1303 -1635 
-874 -1598 -2996 -1552 -479 -2286 -2591 -3848 -1403 2139 3931 2269 -650 448 1918 -524 3486 -2989 -2973 -1416 -3513 4113 1442 95 -2822 2953 -161 3019 -4380 -2665 -1681 -4653 -625 -1666 
2605 -909 -643 -1598 
-492 
-2396 -2504 3937 
1817 
3392 
-2913 1115 2225 2624 3608 -4504 4017 617 3205 939 4383 -3834 
-4135 -4020 3824 1260 
-3862 
1730 4251 -2543 
2078 9 2328 
-3867 -3589 -4362 1755 -1288 -1226 715 205 -452 389 
120 1671 -838 -4057 -3492 -3436 571 -4147 -90 3528 1368 -545 938 97 1417 -2197 1891 -4120 -11 -3736 -3765 3927 1318 -845 3529 -3383 1750 3020 1873 -787 369 
1592 2631 -648 -4564 
4531 
3232 3266 -4370 2545 
1870 822 647 2347 3725 1848 3990 3119 
-3049 -4095 3501 -1153 
-2988 -1325 1299 -2058 -4307 2828 -1355 4274 2774 3229 -3774 776 
4131 -374 3258 1757 -2649 -1674 -2310 
-2142 445 4511 3354 -1775 
1571 283 3841 -3612 3881 2995 
628 
4175 1949 2044 -4466 -2292 -2646 1210 -1605 2874 -2345 3904 983 -3142 1720 -1333 1371 -3633 1381 -1729 
4453 -1693 -4308 
-720 -3555 194 2078 
1009 428 3963 2407 1263 1510 3138 2181 -4156 3529 4480 
536 -2005 1953 
-4233 -1675 3130 -670 -2333 -3613 2281 2700 -3173 2867 -1821 
2339 
929 3184 -4105 3253 -3441 3954 -3631 2822 1786 -893 2520 -3123 2727 -1840 
1452 330 139 -1930 -4684 3212 -1061 -3022 
-2887 -4515 4423 -268 
1814 3056 1767 1486 -1520 2365 1369 794 -2204 3349 -1438 -2543 -4561 
715 1596 4297 
3197 3990 -4040 -4426 4057 
-799 3788 -1850 1494 3006 -2135 1872 -1181 -694 -201 -136 -2380 -4648 -3280 2810 3654 2969 -502 4339 -616 
-2913 
4574 -4034 -2416 -154 4289 -2855 329 1630 -1061 -4681 3943 -3301 -3827 -255 -4226 -2507 1204 -221 3520 1585 -4626 -2891 -2632 -380 
-55 3586 -1360 2641 -2638 -4215 -4016 -376 799 663 3715 -1208 -2256 1659 781 -3895 
1631 
652 -3258 1226 2446 2756 -4298 1032 
-2178 -3140 709 -2609 -1579 -1022 -3632 
-4034 
915 4412 -4050 -2098 -1313 2967 -195 
-3696 1006 4578 -4316 -3793 -2942 -1280 -4318 -3160 
-3283 395 2928 -2796 4369 2144 209 -2160 -1520 -304 
425 3057 -3497 
-4403 1876 4298 -171 -2598 -972 
1137 918 
4337 -1505 
-893 -94 -2720 121 3229 -1847 
4324 -1870 -3884 -22 -3246 3639 -830 -2063 
2449 1723 -451 -3601 -1274 2580 -716 
-2454 -1744 -1106 -952 2678 4019 
-167 -1008 2735 
344 -964 2852 2135 -1905 -428 
2215 -3701 -1065 256 205 -801 -3359 3452 2217 2488 -1965 -1508 3100 -2222 1381 3988 609 105 1620 2942 -667 2088 -2788 -2979 -882 
-2699 -2928 2728 1834 -1868 3996 
2123 -101 189 -1372 
110 2037 -651 4504 3365 566 -3912 2600 4677 
-4640 
2961 2422 0 4077 -121 812 -3295 
-1047 -2589 -2889 2391 
-1065 2183 
2708 1281 -3666 2838 -3284 -2884 520 264 3125 -507 
-1563 1574 4548 -634 -790 1057 4449 
-3975 3346 -4423 -807 -3105 -4170 -3643 -458 
-1474 -378 -333 830 3691 -3378 
-2003 3126 -2108 -975 1846 1678 
3345 
2768 3331 1692 -2946 -2005 
795 1168 3552 -4101 4274 1711 808 
2503 4367 -1839 -1545 3452 -723 -1046 
2497 
-1534 1187 4545 
3565 3053 4155 -2604 1538 4383 118 1008 
239 
-3603 -3004 1988 -2287 -1176 
-3873 -322 -149 4296 3534 -3640 -1644 -1631 -674 2461 -124 4496 
350 1052 2977 3105 11 -4439 2280 634 -1685 -2449 3150 1286 -17 -2646 -628 2145 4372 3199 566 3218 -4249 -2796 -4598 -116 972 -3472 -1232 1911 -1672 -4623 -2120 2835 -2515 -2281 -271 4041 -3518 -348 -4151 1116 3112 -3745 872 -2603 3571 2313 -3563 1196 -1426 -2614 -4110 -76 -563 
-956 4525 -1752 3945 -3819 
-1190 56 2595 598 
4283 -1633 
-3253 -2801 3320 -202 
1385 4184 -4232 938 3075 
568 -3163 305 -241 4604 -538 2938 
-4511 3634 2673 
-1668 -960 -2642 
1713 -66 828 2712 -2108 3238 685 
-2269 -2523 
1769 -3156 -2084 -3047 -387 -4471 -3059 -46 
-1204 3517 4589 
563 
3746 2333 -2567 -1088 -1082 2097 687 -1504 456 
2686 -1865 
412 188 3125 650 -732 
1701 2640 -1823 
4476 2722 -657 1662 
-978 
-1269 -3719 
1113 
-1517 -3339 2117 
2061 -2253 -248 -1066 -2023 438 -3353 
148 4487 
-3535 -2357 -3877 4228 -3904 
2355 3614 -4363 -4431 -1487 -1268 
4054 3331 -3557 -4225 
-586 186 502 499 -3671 2384 223 
-135 4125 -3337 -3922 -4105 705 
-1675 -530 4218 
1128 
627 -2521 3125 3862 -1368 -1828 -4016 
72 974 2830 3149 2235 -2552 
260 -3373 2835 511 -4127 -465 -4191 
-141 2078 1692 3278 
4440 -3699 
-2240 4374 -2993 
3014 3514 -2244 1475 3700 -1223 3864 -1096 
619 -4518 27 -2605 3549 1005 
-3497 674 -1487 678 4252 4686 -1526 3499 -408 -3603 
-236 874 -2786 1533 
-435 -3924 -2685 272 -2296 -2489 -859 -2702 3154 -3281 693 
-1004 
-216 -3713 4281 
3175 -2149 -4047 2869 -3591 2589 -706 2985 -4615 4257 -4451 9 1445 
556 2206 2421 -4653 1398 852 2314 879 -2678 2673 2906 2485 -3698 -1224 -1281 2246 4095 
878 
-3504 2099 3041 -1072 -3749 -2351 -2527 -706 4520 3581 -3422 3275 
-1382 713 -2637 4540 3230 -2106 
-3019 
-1710 3497 2321 1675 -2612 159 3783 -1361 -1825 696 -3992 -4209 -2668 3952 604 -1811 1034 247 -1306 
1736 4155 2466 
-4602 3114 4502 -2853 -2819 -2904 -2626 4528 -1253 2286 1168 
-825 493 1358 -429 -23 967 2603 
3668 
2017 -1897 776 -3800 -1132 -4589 869 -275 1854 -3007 
905 3802 -3053 1466 -2371 -3934 2022 4173 4434 -4508 1461 495 3724 -1588 -3523 -3819 -1891 -4243 792 20 -2331 3481 4317 -746 4066 -556 
1891 
4622 -3074 -2144 4579 -3074 -565 3158 -4681 4061 3951 -1908 
1134 -4239 
-1768 -1882 559 1776 1813 -2972 -1643 -3529 2152 3432 
-1154 -4127 1699 
-1545 -1821 -4576 3484 1948 1695 -980 
-604 -2709 -3857 
1685 
-1195 1907 0 -3513 -1386 1298 
3221 -1382 -3596 -1135 1057 -1627 -654 3619 -4433 652 -2916 -1836 
-2895 -4451 4383 -1347 437 
2426 3978 355 4589 1526 533 -3810 -2888 -3388 -4561 -2579 
4217 3779 -4042 3594 -4258 -1349 
3349 1521 3874 -2191 4231 -2728 -4473 
2407 3450 -973 -1062 2930 1277 
-4021 
-1520 2879 -224 -4297 3486 -4552 3027 -2823 1393 
-4339 -4550 -827 
2181 
3347 3938 -3485 823 
1012 -167 287 -3632 -1574 3971 3362 601 -3129 
-875 4501 3561 802 4666 -2692 2852 1399 449 3496 4289 1625 2938 288 49 4277 
-657 -2754 
4017 -2933 1506 109 -1892 
4535 687 787 -3384 
-827 3438 -1595 3487 -573 -422 2500 136 -1059 82 2766 
-1949 2161 1996 -974 672 3580 3801 
4363 1433 -3217 -2771 644 -4384 -4227 -3872 -1425 2605 -2396 -276 -748 970 1272 856 -1276 -3185 66 930 -3177 -2211 -3069 -3452 2158 2383 
520 2532 -731 -1357 4313 2214 -1446 
4684 -1513 -3176 
-1801 3422 2591 -2497 -4110 1276 -1241 1596 3350 3255 -4224 -2637 1264 
-908 3699 1929 4590 3168 
1361 48 -4130 -926 1898 -1929 -3053 
301 4288 1843 -4251 2068 1537 -2615 -3987 1425 -3463 
765 -437 2551 -2725 3475 -1286 1007 -2521 4592 -177 -1910 -1952 -4396 2170 -2425 4643 -2746 4320 1706 -2807 503 -4380 
-4326 1126 1116 3691 -925 822 1941 
-2877 -2263 3270 2011 
1664 
4496 -3712 904 4003 523 2984 2844 -2390 
-4195 2013 -2537 1950 -2333 -4395 
-526 160 2266 -3640 3872 -3487 2258 2072 
2211 3060 3528 1176 1701 1606 -4263 
3733 
621 3867 -3620 2096 -3371 685 2793 28 -795 
-215 -4448 -237 126 1308 -4654 -4240 -3674 3540 -3379 -901 284 -1722 34 -4529 -1841 -1263 1631 -3622 -3365 3761 220 2009 
-4085 -4607 -1424 2028 1143 -1298 4025 -3546 4218 
1309 -167 4372 2241 3238 3694 -4227 -1813 -1715 1173 1764 -3342 -468 53 -1094 -2682 
-1762 -4605 -967 -2593 
-3864 4283 -2525 
-1410 4648 1487 -1156 3644 4241 503 -3914 129 
386 2348 -699 -1545 -3105 2861 520 -4456 -2021 -302 589 1340 3078 4016 -4298 
-1098 -2838 1647 -3683 -2687 -1848 3097 -1610 1333 1085 -668 411 2543 -1447 -1307 
-1905 -4243 4259 
-2867 2920 -72 33 -4217 -3022 932 3560 -4224 -3025 3499 1643 
4572 -4174 408 3875 -3301 -2600 3906 -4310 1996 2218 -3855 -769 -3588 -3620 
-2853 -1131 3175 -458 920 -2110 
-3125 
-341 
-409 -3492 2806 554 
1996 -2261 1404 4461 -2444 -2237 3439 1806 -3240 
-1983 1127 557 -834 -1657 
1932 -1584 4095 -1624 -4312 816 2205 115 1298 -3333 -1617 -1439 -773 -3007 871 -2868 374 2770 -2883 -2641 21 1565 2895 3909 
368 -984 2127 3675 2110 4435 
1418 1822 2528 3028 1777 -2135 -4672 64 -2124 -819 2042 2409 
1915 835 2790 2317 
3602 2767 -3877 
1815 2220 -3536 
-4125 1184 
-2733 -2591 -4672 243 1940 -3420 3114 -4397 529 
238 203 
-34 -775 -3990 
-901 
4367 2973 1815 -1640 957 -825 1070 2575 -3603 456 -4205 
-4547 
-880 
-2396 
4566 -2989 -791 -2626 4425 -879 1448 -1042 -2649 4604 675 
-3477 2484 -2356 1442 1421 
-1908 2333 4556 3739 1581 1027 -2078 1586 -2444 -4111 -1359 842 -96 -1958 -125 4120 
3309 683 
2198 4237 -4600 2848 
2014 -4538 -2712 3941 -1448 2469 -692 -4160 -3988 2564 2452 3952 -4213 
-4179 843 24 -1586 -808 899 -2954 4682 3320 -3936 -789 -3387 -2462 1061 482 -2931 
2823 -342 -1739 
3020 -85 
-2649 135 2616 2061 -620 
-3103 -1640 1200 2065 2410 3398 3913 4119 -2107 -4335 -1552 910 463 -1924 -1028 -892 -410 
-4283 3030 
-1490 3056 -1937 1002 4454 -3289 2118 -1451 
-845 
2593 -3153 
1555 2121 -436 
-1299 1761 -4576 4533 -1550 1810 469 -211 -906 1654 
2763 2348 1124 980 1087 
-1423 
631 
2412 1194 
-4317 -856 -1412 2156 -1761 2129 -3735 178 541 
-1445 1314 -1169 -3805 -3733 930 
2318 3247 248 -2886 -3750 -308 -68 -690 712 -2549 -2589 -4325 -4579 1117 
-3382 -3982 -4574 -4290 -2862 3491 2238 -2819 
-4093 -954 
1755 
1299 
1403 821 3633 4028 1478 3874 -4651 -2008 
-2178 664 1432 -277 -251 98 680 -3291 3785 -4328 -3766 2981 -3488 29 3205 -863 -3730 -2146 3059 1909 1760 1078 -557 1288 1457 -3417 2074 816 
3185 -4138 -4368 3456 214 
-3528 4301 2847 -3574 4539 -2250 3785 -1902 2312 -2575 -4475 739 3038 1901 3062 3843 1427 
3328 868 -4411 1038 -2103 -1314 2683 3036 892 -3244 -4639 2689 2328 -4584 
2051 1706 -2118 
1173 -4628 2325 3799 -3868 -1225 1902 3142 
-3391 3866 1906 1816 
-971 305 4558 74 -2202 -4668 4231 -2101 
925 -4430 
1754 -1750 3356 3076 3622 -1378 
-4578 151 2527 
2477 1085 -2060 2354 1718 -1346 2871 1413 4185 -723 -4033 -457 3043 -1071 360 -542 
-1454 
-3315 1898 -2261 -1643 -3058 2941 
-884 -1564 
1778 
-1943 4508 2428 -394 1659 2390 -4354 2105 4256 -2801 2377 607 -2089 -891 
3529 -2382 -299 -1275 1603 1682 3536 
233 641 2140 -1779 3548 -378 
1956 -810 -707 -1283 345 4452 -3414 2815 -3293 
-893 1571 -4682 683 -183 
278 4425 2385 64 2374 -4645 
1887 -2173 
2627 2882 
3758 
2416 -1498 -3568 -2587 182 1828 -4036 4261 2656 224 -3256 3232 -2651 2081 1960 -1014 
-2167 -1125 2814 -3346 -607 4369 -1267 -3200 2656 -4561 4548 
839 2024 -1833 -4576 -4250 783 2310 -3674 3359 2859 -4236 
3748 -254 4376 
2570 -2 
-2516 2368 2771 -1781 -3538 
-1441 -636 3876 
4666 -2159 
-4283 -866 4032 -3937 -176 -4052 4223 -1626 1522 1553 1735 2897 410 -139 899 2272 
-4670 -3234 
1682 1276 3678 4229 
1681 1558 -4039 -2048 -1466 4208 3661 60 -1463 -3513 504 -1357 1598 -268 3284 
568 1875 4206 1276 945 -954 -4479 -3387 3305 4053 3805 -813 2783 -866 
2827 1787 2695 1561 -1737 -4277 -587 1126 2890 -4072 -1698 2754 578 1322 -1236 1187 -1088 1026 3401 -4101 2189 -3090 1180 1950 
1189 
-3070 4001 
-1636 -2337 3978 -3820 4159 -4471 2113 4537 -2641 4423 4368 -2282 -2936 962 3812 -909 -3795 -1372 49 2840 -4686 -3216 
3439 
1580 -4562 480 -1003 2890 3246 -4531 4127 
-3375 -2545 -2719 -4526 -2250 3904 3732 
1996 4180 -2021 3381 -376 
-1550 -3214 -2681 3268 
-1989 -4663 3640 826 -2884 1338 -1263 2925 -2467 4342 
3293 4677 3603 
349 -858 1734 378 -2142 3398 720 -547 -1873 2157 -2128 -2005 -1903 2947 -929 276 4237 -924 1258 -192 -489 3215 -241 -219 -3103 -4296 -1607 2397 402 4678 -1443 -4342 -316 -4571 329 -3175 3857 -3164 -527 -1733 3968 -3447 2460 -4383 1060 -900 
560 -1550 4281 -2047 4632 1215 958 -1232 808 2942 -3579 4629 4585 -1492 -4148 574 -2221 2798 
-956 3435 2396 -1898 -534 
-177 47 2542 -1702 1489 2729 4567 3018 408 931 
-1831 1449 -310 2293 3237 
1531 
-1201 1864 4186 3824 -189 1710 1174 -3090 836 2280 3957 -2625 
3612 -1068 -1808 -3428 
-1921 4473 -4636 3251 2241 
-3681 -3648 1762 -2062 1607 4536 2308 -4585 933 -2258 
-3261 2082 3500 -3100 -1238 -897 -1405 3826 -2670 1165 -302 4060 
513 12 
-1503 -4283 -285 2589 1386 
-3370 4043 643 -3399 488 
2272 -990 4119 742 -689 2117 4648 -88 2501 3617 -1972 74 
2120 2202 1952 -1206 381 2960 -1634 -4204 
1222 1626 2614 -2375 
77 
4315 
-1745 -3058 1872 -4138 -2855 4086 -1400 -1209 -2587 785 -2087 
544 
-739 955 -4550 3584 -2951 220 -4292 -1217 
-3848 -3481 -4147 -1413 3959 -2686 -2906 -1562 1441 
1834 1428 -3264 1982 
3539 -1547 -4044 1231 -3775 
2573 -4237 
-403 -3478 -3651 -813 494 822 2477 -2108 
656 -2540 -207 
581 1406 3521 -2241 -1371 -2953 -1265 
-4475 -3399 4357 -4567 1849 -2770 171 -1621 3622 -2974 1908 -2875 -4131 1710 -3681 1828 
4508 3378 1993 2362 -3176 2386 1150 2372 -4236 
-2810 -3290 3480 4132 
1010 3128 -2291 -2694 3891 -4063 -820 2611 
4544 -1631 4571 3079 -2054 763 -2219 3382 2112 -2331 809 -2327 -312 
-2384 
1160 -4255 
26 738 3036 
2397 372 -1553 -4554 2359 
3650 3519 416 -4178 943 4385 -1648 -4074 
-342 -986 -3480 -285 610 460 -3243 
-246 -388 1632 1957 -3829 -4420 1770 -3275 
-1549 
-227 4490 
4290 -1400 -866 -2279 -629 2439 -1760 4424 
-2435 -863 -2083 2592 4016 
-3562 
4650 -3879 1172 1231 648 1611 2568 4415 4160 -3683 -3175 283 1774 -4476 1412 -4484 -2423 2392 1874 -4179 
-1386 
-2147 
-2480 
-2699 -1502 
-556 4588 -4521 96 -1911 -2246 3608 
758 221 -3713 1192 -1113 1496 
-1921 4228 -1444 -3413 893 -3829 -1414 -1465 2654 
-2915 
4181 2082 -1239 
782 -1642 195 -2159 -1573 
-4513 
-3693 2597 
2782 1527 2936 -502 4358 3467 913 -3623 -4086 739 -3415 -2701 
1844 -4559 3954 -3957 
-4014 3364 -1484 4357 3306 -4023 -3284 1953 1878 4255 
-1963 -383 -974 3446 
-764 -3621 3200 -443 -1357 
-98 -1598 2207 3023 2536 2890 130 4384 -3880 218 3156 -4179 89 -4683 -3223 -401 2051 -2028 -2195 3730 1935 
3172 3586 -2149 -1643 -3963 2937 -2912 -3706 -1289 1154 4538 
1725 3502 271 -4089 515 1037 3404 -155 3097 41 2530 -3549 
3595 -1965 -387 -4655 1849 -3092 2117 1819 -1958 2772 -1491 700 3914 4406 2556 2760 
2160 -1708 -594 -123 -2829 869 4392 -2041 2310 1373 -1339 -1536 
-1874 -3591 493 2872 -3998 
1192 215 2804 3268 2087 2400 -2515 
-3183 1567 -3031 4193 
-332 
1191 -3464 -1147 1993 3461 -2848 -4368 -2671 4119 3906 1204 -2773 
2341 -431 4080 
3901 -3837 -4003 -885 474 -3037 
-3767 4187 -3545 -568 -3427 -2877 -554 
2058 2764 3665 
-1928 3868 258 -1800 2325 
4500 2547 -1739 3657 -3872 3742 -556 
-1144 -1758 4405 4323 -2225 2686 -2162 -4469 2190 -4513 -3891 1231 -2419 -3966 
-3976 1277 3847 1913 -2534 -1881 1091 -1313 -816 -4143 390 2876 1334 2405 -2495 -2996 58 3924 3214 -1179 -1264 1334 3887 -4479 381 484 -1035 3411 3506 -4020 294 680 -2594 297 -2896 -2661 2199 2535 4108 
-4179 -3698 2026 -4297 1708 -1357 -3015 
-3187 -4671 
-1693 252 
884 -1881 1678 
-4167 4123 -1607 2747 1107 2621 3800 -2732 -3760 
4591 3088 1983 4450 -2303 
1990 
-739 1927 4266 -151 -2496 1502 -191 -2573 2127 -3428 25 
-3720 -234 915 -662 2979 -2507 -1977 1991 -4564 4241 
-4342 -1721 -2835 1542 3163 -462 -386 -3061 2908 199 
1018 -1816 
4138 3053 -4291 2653 
-1993 -758 -2623 4425 -1611 
-3252 -695 
4673 
-3894 -4508 -2123 2305 -735 -1645 -685 
1131 
-2022 
-2093 -2805 2035 2333 -272 -2115 1345 4586 -2745 
-3347 1970 956 -2966 -1902 3006 4678 -3155 -716 3597 
3078 748 
3766 1094 4343 -1795 4049 
2329 -3461 2041 2941 -3873 1998 -3845 -2006 -335 -884 
-1200 -1455 -2103 
4383 
-77 1691 827 -2347 
-993 3953 4251 3623 3999 -3803 -1273 115 
4336 
2834 -1686 4476 3039 -4199 1162 3499 -538 717 66 158 1995 3767 -1465 2935 -692 1143 376 1273 
-1551 3319 
-3332 -3455 933 -3391 -2359 376 -738 -3603 4065 -4020 
1867 -2239 -493 970 1521 3707 
-1502 
460 2928 -4257 -751 -3028 -2972 1721 -1885 
1232 
964 -1735 3440 4567 290 -812 4565 3634 2130 4101 1636 -4072 -144 -4204 
2218 3367 1434 
419 -3094 -3502 -803 1398 1475 -2808 1174 
1750 -868 -2486 1469 1645 -3521 2908 3410 -447 3626 
2926 
-1395 3351 -3253 452 -1399 -3230 -4081 1407 3110 -2159 -3817 3642 115 4596 -3988 3330 -764 
111 3262 
-682 -1923 
-3638 -3487 -1748 -2413 -4023 2255 
-1950 -1147 2877 -2442 
3543 278 -1082 256 
2169 1191 -1530 1713 2740 -1772 -1516 3750 
-381 -4055 2881 -4633 -2835 -3258 -4049 
459 1472 2064 -3880 2804 -883 3718 -2446 276 -3266 -4292 -4135 2077 2237 3901 1959 1722 3502 139 3602 3896 14 -2187 1745 881 -277 
4234 3181 4133 1896 -356 511 4052 1191 -1053 3172 4278 
-2153 -2481 -3782 4211 404 -1603 1420 -3607 -2772 3937 2817 -2209 -430 -3809 -3653 1967 -1402 654 3300 -3102 -26 -4594 
3238 1476 2625 3619 1519 
-3160 4289 -131 -1086 972 -1912 -804 3257 2585 -3198 1391 3852 -3455 -3603 36 
-1661 4418 -4680 -696 2889 -1386 -1333 -869 -683 1922 4393 1572 
3673 2839 4421 4127 -4211 1428 223 1586 -2227 855 4150 4505 -1533 -4376 -2869 -777 1454 -2361 976 -3973 -3025 4118 3600 -2924 2670 3953 
-4590 -3049 1549 2152 -4088 -3751 
203 8 1068 4086 -1097 655 1298 641 1803 -2548 -284 -4222 1766 -3289 -3203 
1186 1638 3594 3369 -3212 3274 1540 587 
4579 2813 -4357 1847 -166 -3782 -1943 -4354 4077 -2798 -3971 2014 -392 -4327 -3476 94 -4584 -828 1476 -2005 670 3995 1290 2657 2339 429 
-2804 -3402 4497 4093 
3320 -1838 3134 4584 3039 2685 2206 
-1525 1633 
-3020 -2242 -1621 -4109 
-2101 
2037 -2553 2946 
132 -1644 -1920 4060 1869 2756 -2848 -2484 -4247 -3045 -4359 3898 -1353 1674 -1317 -2157 -1910 296 3734 3075 -1987 1987 -2389 
-4561 917 2285 756 -3761 -491 1638 -702 2421 
1821 -302 3840 -2178 4643 3886 -3196 1032 
-2140 420 -3110 4159 713 
6 2044 
3540 1910 -3917 2777 -4279 582 -2936 4346 521 -1822 -2413 3741 -3118 4309 1230 -4647 -3119 -3874 -221 2385 3088 521 
-3607 
4389 3838 3996 3049 -791 -419 2959 -2739 3074 1717 1895 3516 2410 2559 2794 3836 1280 -3586 -4238 403 -3840 4630 -2440 2845 1447 -4128 2097 3660 2030 3476 1210 
-1329 2376 4531 -38 -751 1683 654 
1809 -3357 
4100 2636 
-3410 -1906 -821 -516 -3728 
372 -1346 2199 -2772 151 1366 
4296 1070 2469 -1859 -1242 -1935 -507 4563 4501 
2545 -3751 -3559 4501 
-3337 -2006 2223 -2757 -1459 -4146 1583 -2446 -2394 
3032 1437 -230 
-929 493 1336 3242 -2236 2168 
-435 46 -4111 
929 -4074 
3260 944 1115 1216 2402 3772 485 4656 -128 2457 -1554 -2510 -3106 
-922 -2282 1719 3325 4036 1083 2818 1578 2419 
-1638 3283 -4568 -3687 
3801 -2217 3425 3204 -1994 -1840 3625 2537 3487 3504 -1391 3893 -1065 1345 
-1147 4487 -1670 -1340 -4103 -1063 
3553 648 -3941 -2178 4579 1376 3288 
-3076 -1617 2731 1342 -4071 -3848 -1808 3321 741 368 715 613 2114 
-4099 4419 4071 -2548 4300 -3544 4167 2806 3216 -1491 3541 801 -3322 -3625 -3909 -1478 
-2710 -3404 -403 1308 1098 -2344 -3711 3078 -2502 3535 
-3124 260 1164 -4469 -190 
4037 2409 4603 1548 
3395 441 4677 
-2449 
2376 4654 775 -3088 497 3811 
745 -3778 
-2512 2907 -2598 
-4608 2413 -2114 -2023 1509 -4100 2303 4458 4578 2705 -2252 -1325 -4377 
-1985 
3667 -976 1628 -421 4565 
365 4049 -373 -192 2333 4351 -1288 4527 1484 -1037 -4555 1057 -1545 1319 -1761 1730 -651 1737 -1205 
-1627 1969 2205 863 4209 
3647 -1389 
2568 -1025 -1607 4470 2945 1376 -1357 -3418 
696 -4668 3821 -614 
1035 4523 
2806 -186 -1159 2436 
-4151 6 -230 -3600 534 2719 4180 
-65 1002 75 -319 
2759 
3771 3901 -1873 -3388 -93 -2543 2687 4231 3082 1218 1040 1927 -2761 
-609 3366 -4554 761 -2861 1723 -1721 4431 -1927 -3539 -2270 
-4082 3570 
-2407 
4414 4265 -2834 2721 2158 -1900 -864 -2265 -1782 19 
-3326 
4010 2163 220 
3754 
-2106 -1941 
-637 -2820 3353 
2332 4048 -1959 -4351 714 -2036 
-1712 -1339 -605 1495 
2108 -2020 
-2414 1533 -3807 -483 2377 -3242 2114 2818 3590 -3017 -478 -2360 665 -1169 3938 -293 
294 2431 2165 1152 2280 1726 -3542 3988 1364 -2035 3482 -3432 155 2960 -1650 3110 -782 545 -4392 1964 
-3626 -953 -4376 -1706 
772 4015 -1994 4441 2850 -981 -3269 4531 4437 3473 3540 4073 
-3483 -1114 2921 4644 -419 -4661 -3367 1161 3219 -4006 -925 2039 3095 322 -2388 3314 3554 1058 -4581 -2441 1025 -2727 
-1909 3281 4028 -1248 -3433 3381 1615 3062 4137 -503 
3887 1556 2297 -280 -1846 
-2254 
841 
3696 -3659 4011 -721 -1290 -2242 -3113 3459 -3751 2354 3419 2335 4011 -3829 2875 -1177 -2080 -3589 2861 -4014 1997 -1345 1053 1410 -3149 
522 4453 -1279 111 -2388 -1955 
-3051 -3715 4037 3838 -3244 -91 
1485 3665 
2951 2697 -3902 3095 3005 -4148 
2959 1738 -3997 -1319 3310 
-3170 
4392 890 2387 -4564 1110 -3798 2049 
-1832 -3 1709 
3433 -1098 
-1037 
-4485 -3860 -1623 3145 1721 587 -1738 1432 4320 629 4574 1922 347 -2152 102 2245 3770 2751 3604 
-2548 -1180 -752 
-4225 
-2314 
200 -2105 -4293 -1553 1210 717 -2208 3070 -2614 474 -891 3808 2106 424 -225 2663 2566 787 -2860 -985 
943 -3573 
-540 -2937 2085 3977 
877 
4536 -2495 
-3825 -892 3395 -3112 -4013 -546 -1482 874 4546 1311 2595 4559 1355 1748 4457 -2486 3400 -3764 
4437 -2360 2668 
839 
2905 3000 -1913 
-3550 3745 4019 2484 -2346 2512 4339 -2797 -630 
-159 -2624 -482 -266 
-4032 
-2009 
3083 877 1590 -1409 -1946 -1594 -3901 2517 -641 
1084 3584 -2252 2816 2290 -3018 -1021 862 2932 791 3292 2455 -4551 481 -2003 -4108 3727 2955 -657 -4277 594 -1321 -2544 -3805 -1969 -2777 1244 -941 4372 800 4068 -3238 2308 -3339 1527 49 -123 -814 4409 2408 -2220 529 
-3926 1858 4542 -1146 -3885 
4523 1474 
-3161 -1019 
2614 1756 1604 1868 -3278 1135 4086 2980 3069 -4008 3523 3680 
-4057 -3380 -4454 4458 -128 4648 -231 2254 2930 -117 -3363 351 -2224 -1606 3239 -3265 3268 -2622 3744 
1661 -4559 1857 943 -2157 4266 -1720 -2645 -2626 389 2570 
3983 -1151 
-1927 
2104 4205 1471 -2535 270 4205 
-1681 1980 -3236 645 606 -3954 700 -754 
3319 1918 4549 -4148 1080 
-3262 -2135 -4498 -3196 -1803 2957 3221 -3359 4231 -4664 
3032 -2439 
844 -2264 
-4480 -3847 -3068 -1385 -4385 -3943 4503 -1205 -657 3031 -1808 
3817 3162 2212 -473 -3260 -4471 2095 1699 412 2270 -2732 1624 435 -2360 1308 -2129 2469 2542 
1805 
2121 2531 -3148 
-3747 1374 1279 -726 -3645 
751 
-1368 -3706 
-363 1103 2065 4280 
1754 -2273 90 -4426 -1457 -1579 -3369 4510 4008 -4084 
418 
-1382 
2617 -1074 -595 3864 -4456 2209 3037 
-2609 
145 -1831 -352 -4097 
-4669 
1607 272 1217 -4015 3610 -612 1963 -2817 -3294 -2006 -2160 -3950 1055 -4547 -4607 4293 2048 2639 3492 174 -573 1968 -93 2328 -4590 -3876 4601 4047 2660 -620 -4302 467 -4372 
-2223 -1505 2988 2199 -3195 873 4133 -3053 4322 -2156 3969 3181 
-4677 3787 2767 -3612 -3972 3182 -1055 738 3526 1023 4034 3954 -4444 2662 -206 -360 2215 -2953 -392 838 3106 793 -3209 3215 634 
4014 -1026 -1039 -2844 
-530 
-4417 -2519 -1424 -1181 2752 -39 442 3949 -950 2964 -1207 391 2337 -2288 -1533 2585 1705 -2738 735 4607 1152 4658 2088 4242 3161 -2412 848 -3512 4198 -555 -2478 2128 -1866 -3726 886 -1604 
2215 
-329 -949 2933 -2944 
932 4640 -2872 -2240 -1834 4016 
-77 -4276 -2941 2492 4061 4649 -4327 2957 1950 4541 3331 -2932 -3965 2446 -4476 -91 4651 -2942 -2344 3305 -432 762 -1683 -740 -956 -84 373 -1128 -2047 -3978 
4546 3713 -3022 -1702 -4368 1039 
-3779 -3419 1558 219 -3592 -258 3260 -671 -3302 -623 
-2576 -2895 
-100 3825 2419 -3127 
3430 -1408 -4563 1629 -4288 -4506 -3975 -4504 -3685 
-619 
4105 2203 -2698 -3697 -2444 4502 1420 2013 -1330 4217 1053 -1960 -52 -3332 3199 -4584 -2052 -1301 -315 1112 
2968 4368 -4629 -1990 -3313 2485 -1296 1685 -525 1055 -184 
-1905 -497 -845 -3516 2570 1919 605 -17 -3255 -1666 1278 -3480 1103 -2645 -4565 3316 350 
-4261 -1226 -4189 -2185 
-4327 1161 3902 -807 2549 3961 
-1254 1205 3261 -1314 -3688 
-2485 
4682 -211 3046 
4363 2164 515 -532 4340 -3782 -2148 756 -2794 1111 
-1288 342 4262 -2071 2282 
-1580 -3540 -1894 3415 2825 -3643 3447 148 -1321 -4389 -1341 3354 -3309 790 -1669 1009 -4346 3476 1313 -1799 2038 -781 3555 -3648 2134 -1936 1801 -4167 -4302 
-1474 -4266 
-2351 3145 663 4055 4634 -1164 
-1758 
-14 
665 
2799 -1047 -3088 -869 -3177 
2156 3332 -1266 
-3032 -2401 3676 3882 2853 
215 3585 1725 -3626 -2352 151 686 
576 4320 -588 -2951 -1509 4271 
2296 717 -2332 -4622 -1422 4403 2468 2301 -4405 -3641 3321 -3155 499 -4122 3331 -2078 4342 -1834 -3662 29 -3938 3930 2522 -1358 
-2665 
429 
2547 -573 
-3418 -1198 869 852 1505 3986 -1297 
-2555 -4161 163 -4276 2619 -54 -1598 -2912 1578 -1451 
-1730 3246 1394 4280 -2095 -3214 3889 2866 -3600 -378 
-2936 -1167 
-1900 -564 3653 -3176 2816 
-2190 859 -3746 1840 255 454 -2828 -1523 2013 1776 -3579 
2909 -4408 
-744 -4124 -2100 
3775 1917 2937 
-1518 -3850 
3079 2657 -4471 2511 2283 2594 929 -856 -3256 -250 -4426 
-1910 
-408 -2713 985 3151 2274 932 -2858 
1249 -860 2109 -1205 -2980 2414 4245 -3667 893 
855 -588 -2970 
1216 -4238 
3247 2356 -803 4378 -1669 -1402 4126 -2466 4414 -1177 
3853 252 -3169 2594 2726 -3039 -2600 -2867 -3148 2590 1450 -4053 -1034 610 1409 
-3922 
4525 -4083 -974 -4558 3007 3765 -2867 2418 -825 3956 2962 2239 -1203 
2074 -1680 
2960 -103 240 3529 -3286 2873 
2983 -2584 -595 -1473 3356 -697 182 
4482 4447 
-3552 
2413 2324 681 3749 -220 3288 
2668 
-4445 4162 1473 1711 -951 -4357 -539 3099 4263 -2333 4204 558 1158 1967 
-860 2643 2746 3565 260 2489 3207 -394 4362 
-4657 -4393 3330 -2500 3804 -462 -131 -2931 -1214 -4019 800 3665 1690 -2541 -3069 766 -1435 74 872 1822 1645 -2890 -3197 65 
-593 4080 -2300 -465 2007 -3275 -4418 -4100 -1449 
1455 
-1766 137 1402 -2569 -3161 -66 -1045 
1868 -1578 1459 4538 
4055 1088 -320 1342 
4476 1178 -3780 -1374 -2449 -2712 -2147 -2462 -961 -2111 1804 -4553 
-1414 2579 1588 -3832 262 
-1931 -3308 -3727 -1699 -2857 
-4055 1288 -3945 
2349 -2356 -244 -256 -90 3021 
4163 -1162 -4197 -4308 -4086 1153 -3712 3254 -1051 2895 2582 4507 2182 712 2350 4311 3055 -3865 -4555 -2925 1336 -68 1467 1342 -1467 -2247 1541 -508 2551 3308 702 
-1923 -1841 -619 
827 479 1552 -3446 -365 -525 -375 
-4678 -4473 1654 1158 
-983 
-754 2383 -4008 -2850 -4288 
-4251 3453 -3677 -2934 -1979 -834 3270 3672 -1815 -2723 3456 -290 -658 3641 
-1337 -466 
2031 2230 
2840 -435 1400 -382 -434 -3016 -4489 367 -3802 844 1194 -1828 -124 
409 
-3269 -3700 -1300 -3529 738 1535 -3856 3468 
-1806 
4683 -48 
-3927 
-3325 -1505 -2635 4600 -2419 -192 2906 
2521 -1492 713 -1387 369 4056 
-2659 -2757 2646 3175 -2662 -4644 778 -397 -4642 2279 
2919 -2027 853 3853 
261 2314 
-693 -3570 343 -1595 
-3089 -4343 2213 3689 3184 1590 2793 -2874 2289 908 -4449 -3809 271 2224 -1633 3709 530 -1619 -686 -3648 4076 -4009 3645 -2094 -490 4524 -1199 -3940 -523 -4274 -4321 -738 3488 3639 4399 2792 4074 2735 -2685 318 -4506 -1973 2322 -1219 -760 -3592 -644 
-3458 -2000 
2412 -3061 -1735 26 
-4604 -3047 307 -3406 1530 -1438 -2519 
232 -1865 -4299 -1529 272 2241 2852 3638 -2455 -3015 889 2460 1040 2540 -386 2818 52 -4527 
1043 4242 967 3940 3029 2736 4105 1213 2427 -2212 2975 -892 -3611 -799 
-356 
-2393 3406 -1959 -4277 
4230 -2323 -3908 2727 2087 -2984 4660 -3030 73 2459 
-4060 -639 -1172 809 3178 
-3656 1425 1039 1217 235 
-4417 -55 3384 49 -3586 -1230 649 1416 -3063 2488 -4476 3562 -2461 -120 
-4243 -1174 
2780 -2276 1827 -2988 -3680 -3264 
-674 2588 -2857 1792 -781 4405 -3381 1655 1165 -768 
4665 -2500 144 1499 4355 -426 3254 -4017 2549 
-1522 -832 4667 3933 3678 2114 
-3565 -4094 662 3236 -2073 -2112 -2064 -4298 -3149 -2165 -3215 -4295 -1070 3812 
1503 2285 96 -2714 -1073 
411 4152 496 4127 2148 591 3176 3127 -4406 4660 1432 1371 139 
-2054 -1010 3361 -133 2386 -3008 2703 4257 -4111 
-2565 
2353 -2160 -2878 -160 -246 -4002 3545 1440 -198 1083 -1564 
-3909 3356 1198 3820 3675 
-2924 577 -2448 -1169 -3566 1146 -4043 2925 -68 4087 -1878 -4454 -2707 -3239 791 4052 -1283 -2521 357 -1738 -3447 2911 -1967 3785 -2765 1747 4090 2975 -550 -739 -3062 2796 3253 -3388 
1999 -2106 423 -2796 3407 1835 -4475 2139 -3087 -2237 1615 1292 -3624 -377 1128 -722 -2751 
-827 3391 2270 3506 
4205 3726 -4588 -425 2416 -3659 -3491 
-4087 -2240 -1493 -3065 351 297 -2102 -2070 
2710 
-2799 -3404 3841 2032 3502 -2644 -2770 2284 -4276 -1830 2688 3555 -1698 1590 -1104 -4140 
-2600 4226 3416 3537 
669 
2967 302 -1696 2081 2747 -319 4520 3794 1083 -2926 -4447 3460 1856 2076 457 
3051 -3317 
-4661 4067 -3126 -1045 
507 679 -3025 4484 4118 4040 -4145 1845 -2047 
-2559 2493 396 3900 666 -605 2744 -866 969 
2678 -3701 1529 1765 2274 728 
2679 -2004 -2292 -1685 -1106 -1579 
4015 4332 2081 -3976 -2582 -2509 -1197 1745 
-367 -1931 -3318 3522 
-129 
2138 -3143 3195 -1510 787 -508 641 4649 544 3530 1294 802 1513 842 -1259 2910 
-4483 -3250 -2595 2278 1225 1143 3367 -3235 -3365 2966 223 
2706 -1983 2809 299 2324 1525 -57 455 3262 
-697 -414 -2413 3346 2059 -2435 -3256 56 -143 
-2340 4622 1386 -4176 1115 -411 4100 -4555 -946 
-4652 2043 -4624 -3546 4565 2398 
4061 617 -3192 1494 98 4426 3752 -3929 -1851 -1629 2938 -2228 -4666 -2697 -4577 1087 -4203 -4441 472 25 
-3572 -2978 -358 -3856 3733 -2571 -385 1752 3490 
1716 4169 4538 1272 -1288 2564 -193 -46 4586 -3937 2801 658 2506 1572 2090 78 741 2647 979 688 2429 4568 -1718 4478 157 364 -3624 -46 -1938 -94 2627 -730 997 4685 2602 -1568 
-3985 4032 3561 3307 -4285 2715 732 -2887 
234 4360 3871 2267 2312 2882 -1011 -1938 352 -4558 -2732 3671 -1541 589 -4281 4126 1589 -4421 -494 -3736 
1563 
3498 -2775 
1697 -307 -1744 
1302 
-4643 4352 -4283 515 2891 4367 2875 
2456 1730 -4223 1337 3553 
-2553 -3062 -3755 3044 4141 3063 -4416 -3533 1721 3085 
746 1228 -3050 -4179 -3852 -1914 -1341 4087 -1322 1295 1917 -556 3976 2116 1432 -2316 -2595 1420 1332 -1944 2030 -3511 -3420 1007 4472 3492 2700 -72 4260 -237 3283 4637 1774 456 64 -2649 68 -1178 -171 -1953 -1830 -2647 1240 4311 
-3910 -2143 -2439 -3901 4589 -794 481 2786 -4189 3338 -1797 -4020 -1037 3384 
-3245 1015 -1567 -2368 
-2596 1469 4348 3413 3373 1417 3846 237 2179 
4562 -4309 -2617 2305 806 3411 3600 -3144 -425 2510 2799 4498 1105 -3638 -2217 3700 
4369 
-3045 -2023 -3083 -2509 
2635 -2818 2925 -1813 -4217 
-1292 1242 -3984 -2079 1559 2286 -2223 4446 4642 -50 -2270 -11 -432 
-2917 
-4260 3429 -712 402 -960 4620 -4018 2566 2185 3574 4414 -3650 3602 2469 -3981 -3763 
-714 1722 1829 -708 -4242 -3220 -2519 287 3124 3259 
4151 -2928 
2816 -2414 -4141 -3993 -370 -868 4540 -1632 -898 
-1821 635 2391 -1634 -1313 2025 -2340 713 -285 3859 -2143 -1861 
987 1555 -257 644 2654 2530 1803 
-2641 -548 1662 264 -2228 -4287 1116 1886 -3300 -1301 -1006 4326 2506 -3045 -2038 1970 4661 118 3948 -3912 -3599 
117 887 2185 914 1256 -4635 -4416 -1502 -1055 -2563 -2806 
-1624 -3462 3109 810 -784 2440 -1032 3104 1547 
-3444 -3395 924 922 -3023 -2449 -2777 -3830 -4256 449 4202 2894 -4193 
-2070 -2218 -691 3258 1994 -3569 817 -2687 2367 436 3086 3230 -1853 -34 
738 -1059 825 -4361 -2798 2189 -883 -1123 -2559 4443 -3133 4487 -2176 -474 1813 3152 1407 -2014 
-4418 
-141 -2065 -1153 -3293 3127 -673 98 -160 1560 -1762 
-224 -2655 
-1358 1060 -2251 -4334 -4434 -4304 
-3207 -3177 
1340 
3530 -1515 1334 -1473 -3556 -4337 -2729 -1319 -2927 1114 179 1855 
-3493 2340 3982 -4379 1157 -1000 -1161 -1898 1244 4587 3585 
2260 -3537 -463 -3908 -2069 
-3194 718 
717 -4309 -4141 403 -2369 -3152 -1589 2804 1468 
-1307 4476 715 -4339 -1419 -4317 -604 
1779 4414 -4082 -796 88 -2162 
2901 -3465 1745 -934 -401 3556 3841 3243 
-1798 2791 3139 4486 -588 -1253 
-4219 
4141 2641 -911 2044 -2728 3350 2318 -270 4207 4239 -4595 866 3928 347 -3455 
3946 
223 
-1873 -2362 3609 -2147 1878 
2268 2498 -3694 137 2232 
-2984 
-1226 
4146 -1095 2145 
2071 -4066 
-3518 
759 3267 647 1010 -599 
-2728 4543 -2694 976 -4312 -3187 1332 -137 4644 -123 753 875 38 -3054 705 -4143 1298 2894 -2002 98 -3617 3068 1284 -2843 3414 3093 3811 -4422 1528 1663 2932 -3025 3334 -1128 505 
432 1296 
743 
2470 4546 348 -2558 -1730 
-4602 332 -477 -4 4259 
1781 701 -1133 4587 
1398 -492 -731 -2857 -1643 541 3120 
3293 -1586 3481 4001 -1494 
-1012 4106 
-3622 3432 1414 -2317 3761 -2935 4199 
-4489 -315 -2566 -2340 2650 -3955 4209 -3599 -1698 4399 -3304 1441 2534 3993 4085 3345 
2174 
3815 -2105 -2712 -99 -2987 3154 -184 